1.99037
1.96157
1.91388
1.84776
1.76384
1.66294
1.54602
1.41421
1.26879
1.11114
0.942793
0.765367
0.580569
0.390181
0.196034
-1.22465e-16
-0.196034
-0.390181
-0.580569
-0.765367
-0.942793
-1.11114
-1.26879
-1.41421
-1.54602
-1.66294
-1.76384
-1.84776
-1.91388
-1.96157
-1.99037
-2
-1.99037
-1.96157
-1.91388
-1.84776
-1.76384
-1.66294
-1.54602
-1.41421
-1.26879
-1.11114
-0.942793
-0.765367
-0.580569
-0.390181
-0.196034
-1.22465e-16
0.196034
0.390181
0.580569
0.765367
0.942793
1.11114
1.26879
1.41421
1.54602
1.66294
1.76384
1.84776
1.91388
1.96157
1.99037
2
