2.09037
2.06157
2.01388
1.94776
1.86384
1.76294
1.64602
1.51421
1.36879
1.21114
1.04279
0.865367
0.680569
0.490181
0.296034
0.1
-0.0960343
-0.290181
-0.480569
-0.665367
-0.842793
-1.01114
-1.16879
-1.31421
-1.44602
-1.56294
-1.66384
-1.74776
-1.81388
-1.86157
-1.89037
-1.9
-1.89037
-1.86157
-1.81388
-1.74776
-1.66384
-1.56294
-1.44602
-1.31421
-1.16879
-1.01114
-0.842793
-0.665367
-0.480569
-0.290181
-0.0960343
0.1
0.296034
0.490181
0.680569
0.865367
1.04279
1.21114
1.36879
1.51421
1.64602
1.76294
1.86384
1.94776
2.01388
2.06157
2.09037
2.1
