2.78652
2.7462
2.67943
2.58686
2.46938
2.32811
2.16443
1.9799
1.7763
1.5556
1.31991
1.07151
0.812797
0.546253
0.274448
-1.71451e-16
-0.274448
-0.546253
-0.812797
-1.07151
-1.31991
-1.5556
-1.7763
-1.9799
-2.16443
-2.32811
-2.46938
-2.58686
-2.67943
-2.7462
-2.78652
-2.8
-2.78652
-2.7462
-2.67943
-2.58686
-2.46938
-2.32811
-2.16443
-1.9799
-1.7763
-1.5556
-1.31991
-1.07151
-0.812797
-0.546253
-0.274448
-1.71451e-16
0.274448
0.546253
0.812797
1.07151
1.31991
1.5556
1.7763
1.9799
2.16443
2.32811
2.46938
2.58686
2.67943
2.7462
2.78652
2.8
