2.8
2.78652
2.7462
2.67943
2.58686
2.46938
2.32811
2.16443
1.9799
1.7763
1.5556
1.31991
1.07151
0.812797
0.546253
0.274448
-1.71451e-16
-0.274448
-0.546253
-0.812797
-1.07151
-1.31991
-1.5556
-1.7763
-1.9799
-2.16443
-2.32811
-2.46938
-2.58686
-2.67943
-2.7462
-2.78652
-2.8
-2.8
-2.79227
-2.76881
-2.72888
-2.67125
-2.59434
-2.49627
-2.37499
-2.22843
-2.05463
-1.85189
-1.61893
-1.355
-1.06002
-0.734689
-0.38054
-2.44929e-16
0.403597
0.826034
1.26226
1.70647
2.15224
2.59267
3.02052
3.42843
3.8091
4.15549
4.46103
4.71978
4.92664
5.07747
5.16921
5.2
5.2
5.19422
5.17694
5.14833
5.10866
5.05831
4.99776
4.92761
4.84853
4.76127
4.66668
4.56568
4.45922
4.34834
4.23411
4.11762
4
3.88238
3.76589
3.65166
3.54078
3.43432
3.33332
3.23873
3.15147
3.07239
3.00224
2.94169
2.89134
2.85167
2.82306
2.80578
2.8
2.8
2.79227
2.76881
2.72888
2.67125
2.59434
2.49627
2.37499
2.22843
2.05463
1.85189
1.61893
1.355
1.06002
0.734689
0.38054
-2.44929e-16
