0.501697
0.501284
0.498374
0.502349
0.503095
0.504202
0.502595
0.506021
0.505155
0.506991
0.511355
0.51016
0.515486
0.518144
0.520066
0.519493
0.52616
0.52705
0.529311
0.533934
0.538468
0.538275
0.544507
0.549312
0.552644
0.55676
0.559722
0.560371
0.567696
0.568807
0.576135
0.576196
0.581643
0.588108
0.590025
0.591496
0.596841
0.603413
0.604846
0.606677
0.614365
0.613231
0.620894
0.622567
0.623435
0.626199
0.630447
0.636345
0.634265
0.640424
0.643757
0.644866
0.643372
0.64937
0.651841
0.65283
0.650036
0.654255
0.655587
0.653323
0.658738
0.659531
0.658617
0.657086
0.655531
0.659302
0.658126
0.654456
0.653102
0.651565
0.652853
0.650735
0.64485
0.641775
0.641148
0.635203
0.635349
0.629452
0.625265
0.620116
0.615994
0.610223
0.604598
0.598538
0.589957
0.582266
0.576057
0.56845
0.561388
0.556836
0.549266
0.53831
0.531822
0.526054
0.517862
0.509492
0.501697
0.491455
0.483124
0.47418
0.467391
0.458305
0.451628
0.442741
0.435827
0.427777
0.423599
0.416779
0.4101
0.401123
0.395263
0.389208
0.386571
0.380714
0.376495
0.369159
0.36569
0.361055
0.360177
0.356379
0.35399
0.348884
0.346872
0.344893
0.345556
0.344477
0.34339
0.340985
0.340518
0.34059
0.342362
0.342934
0.343287
0.342601
0.343717
0.344643
0.3468
0.349739
0.349316
0.351345
0.354421
0.356434
0.357392
0.359743
0.364113
0.365188
0.367225
0.371027
0.374104
0.376375
0.379846
0.385554
0.386174
0.392554
0.394168
0.397031
0.401915
0.406567
0.410636
0.414246
0.417384
0.420327
0.423983
0.429041
0.434567
0.43879
0.441498
0.444002
0.447125
0.450674
0.454298
0.458265
0.463423
0.467798
0.467764
0.474169
0.473871
0.477249
0.480702
0.482317
0.48444
0.48968
0.489332
0.490015
0.491789
0.49571
0.495768
0.499186
0.499849
0.500551
0.497575
0.501083
0.501697
0.501697
0.501697
0.501697
0.501697
0.501697
0.501697
0.501697
0.501697
0.501697
0.501697
0.501697
0.501697
0.501697
0.501697
0.501697
0.501697
0.501697
0.501697
0.501697
0.501697
0.501697
0.501697
0.501697
0.501697
0.501697
0.501697
0.501697
0.501697
0.501697
0.501697
0.501697
