0.549187
0.555478
0.571106
0.588122
0.608452
0.621394
0.630705
0.639604
0.6493
0.654858
0.660058
0.665237
0.667739
0.673919
0.681647
0.684666
0.690991
0.693233
0.699088
0.705343
0.711035
0.715362
0.72239
0.724294
0.730849
0.735969
0.740497
0.748065
0.752037
0.759861
0.76178
0.767995
0.77372
0.779299
0.783518
0.786229
0.792413
0.79655
0.801324
0.805034
0.810284
0.812484
0.815124
0.817167
0.818714
0.824954
0.825043
0.83115
0.832077
0.831984
0.837199
0.840073
0.838325
0.841787
0.843598
0.843929
0.848982
0.848333
0.850489
0.849886
0.851576
0.850961
0.853936
0.849839
0.84973
0.851667
0.849089
0.851182
0.847151
0.849051
0.844163
0.84573
0.838725
0.836259
0.836713
0.831115
0.831773
0.823312
0.818543
0.818053
0.807352
0.803652
0.796909
0.790076
0.783871
0.776901
0.766157
0.760459
0.748711
0.735469
0.727395
0.715307
0.701684
0.690947
0.673773
0.654276
0.549187
0.348619
0.324721
0.309047
0.296965
0.283586
0.273219
0.261943
0.250392
0.242245
0.233477
0.2247
0.215424
0.209441
0.202712
0.19637
0.189615
0.18444
0.178782
0.17461
0.17031
0.166538
0.164276
0.160176
0.157761
0.155828
0.15367
0.151551
0.151038
0.149466
0.149537
0.148574
0.148186
0.148377
0.148958
0.149619
0.149558
0.149749
0.151608
0.151501
0.153691
0.153892
0.155772
0.157969
0.159438
0.160972
0.162917
0.1653
0.168078
0.170687
0.172446
0.175433
0.179207
0.181297
0.185591
0.188841
0.191643
0.196147
0.200761
0.205013
0.209267
0.213709
0.218191
0.222337
0.226231
0.231214
0.237525
0.241991
0.246188
0.253106
0.256994
0.262737
0.268697
0.272508
0.279772
0.283574
0.288937
0.295708
0.299711
0.303859
0.309288
0.314823
0.319834
0.324335
0.329465
0.336826
0.341064
0.348943
0.354603
0.364784
0.378837
0.39931
0.433159
0.479392
0.520547
0.542481
0.549187
0.549187
0.549187
0.549187
0.549187
0.549187
0.549187
0.549187
0.549187
0.549187
0.549187
0.549187
0.549187
0.549187
0.549187
0.549187
0.549187
0.549187
0.549187
0.549187
0.549187
0.549187
0.549187
0.549187
0.549187
0.549187
0.549187
0.549187
0.549187
0.549187
0.549187
0.549187
