0.515383
0.589671
0.751783
0.864791
0.919786
0.947637
0.963249
0.972792
0.979028
0.983319
0.986396
0.988676
0.990411
0.991762
0.992834
0.993699
0.994407
0.994994
0.995485
0.9959
0.996254
0.996559
0.996823
0.997052
0.997253
0.99743
0.997587
0.997726
0.99785
0.997961
0.998061
0.998151
0.998232
0.998305
0.998372
0.998433
0.998488
0.998538
0.998584
0.998626
0.998664
0.9987
0.998732
0.998761
0.998789
0.998813
0.998836
0.998857
0.998876
0.998893
0.998909
0.998923
0.998936
0.998948
0.998958
0.998968
0.998976
0.998983
0.998989
0.998994
0.998998
0.999001
0.999004
0.999005
0.999005
0.999004
0.999002
0.998997
0.998991
0.998982
0.998972
0.998959
0.998944
0.998926
0.998905
0.99888
0.998852
0.99882
0.998782
0.998739
0.998689
0.998631
0.998564
0.998484
0.998389
0.998275
0.998137
0.997965
0.997749
0.997468
0.997091
0.996559
0.995758
0.994418
0.991731
0.983676
0.515383
0.0160866
0.00797099
0.00527275
0.00392816
0.00312481
0.00259203
0.00221383
0.00193226
0.00171512
0.0015431
0.00140393
0.00128943
0.00119392
0.00111339
0.00104487
0.000986152
0.000935553
0.000891767
0.00085377
0.000820748
0.000792052
0.000767153
0.000745626
0.000727121
0.000711357
0.000698101
0.000687169
0.000678412
0.000671714
0.000666989
0.000664177
0.000663244
0.00066371
0.000665112
0.000667455
0.000670752
0.00067502
0.00068028
0.00068656
0.000693891
0.000702312
0.000711868
0.000722611
0.000734599
0.000747901
0.000762591
0.000778757
0.000796494
0.000815913
0.000837134
0.000860298
0.000885559
0.000913093
0.000943097
0.000975794
0.00101144
0.00105031
0.00109275
0.00113912
0.00118984
0.00124541
0.00130638
0.00137341
0.00144724
0.00152876
0.00161898
0.00171911
0.00183058
0.00195508
0.00209465
0.00225171
0.00242924
0.00263085
0.002861
0.00312524
0.00343054
0.00378576
0.00420227
0.00469491
0.00528327
0.00599372
0.00686234
0.00793967
0.00929809
0.0110444
0.0133412
0.0164463
0.0207873
0.0271153
0.0368458
0.0528868
0.0818673
0.140358
0.264026
0.43939
0.515383
0.515383
0.515383
0.515383
0.515383
0.515383
0.515383
0.515383
0.515383
0.515383
0.515383
0.515383
0.515383
0.515383
0.515383
0.515383
0.515383
0.515383
0.515383
0.515383
0.515383
0.515383
0.515383
0.515383
0.515383
0.515383
0.515383
0.515383
0.515383
0.515383
0.515383
0.515383
