0.623088
0.654062
0.720832
0.777304
0.817791
0.834628
0.849606
0.864239
0.866672
0.87332
0.88207
0.882644
0.887236
0.893889
0.891814
0.894123
0.897722
0.906038
0.904183
0.9079
0.909844
0.912672
0.91788
0.920621
0.92385
0.922886
0.929698
0.931011
0.930321
0.933813
0.938838
0.934857
0.943234
0.940597
0.944838
0.948527
0.949669
0.946956
0.948693
0.951432
0.95453
0.954531
0.955455
0.955373
0.954141
0.9575
0.956853
0.960588
0.960912
0.962151
0.960977
0.960416
0.96353
0.96118
0.963037
0.965718
0.964987
0.967766
0.967351
0.964131
0.96562
0.963145
0.965044
0.966436
0.966891
0.965214
0.965535
0.963394
0.961548
0.967119
0.966192
0.960885
0.959342
0.964199
0.959265
0.95991
0.959664
0.957853
0.952947
0.956729
0.95093
0.948762
0.950104
0.945451
0.941619
0.94106
0.936674
0.930804
0.933049
0.928438
0.917401
0.91269
0.908077
0.898982
0.893347
0.877945
0.623088
0.125378
0.108914
0.0991279
0.0917754
0.0848749
0.0791545
0.0738198
0.0696758
0.0656407
0.0619151
0.0586414
0.0557653
0.053121
0.0505248
0.0482635
0.0466386
0.0447104
0.0432047
0.0418119
0.0405981
0.0393441
0.0386037
0.0375363
0.036732
0.036267
0.0357385
0.0351507
0.0346783
0.0343719
0.0341925
0.0340981
0.0340683
0.0340831
0.0341286
0.034209
0.034333
0.0345155
0.0347739
0.0351165
0.0355225
0.0359325
0.036283
0.0365933
0.0370085
0.0376574
0.0384109
0.0389827
0.0394867
0.0403493
0.0413342
0.0419738
0.0429034
0.0441303
0.0448964
0.0461846
0.0473954
0.0484744
0.0500962
0.0511623
0.0530179
0.0542002
0.0562262
0.0575991
0.0596784
0.0614623
0.0633135
0.0657328
0.0674352
0.06992
0.0723735
0.0743176
0.0771148
0.0798187
0.0819529
0.084877
0.0879676
0.0902857
0.0932499
0.0966996
0.0991969
0.102435
0.106113
0.108816
0.11311
0.116499
0.121328
0.126022
0.132997
0.140675
0.153552
0.173484
0.209399
0.285852
0.436679
0.582419
0.623088
0.623088
0.623088
0.623088
0.623088
0.623088
0.623088
0.623088
0.623088
0.623088
0.623088
0.623088
0.623088
0.623088
0.623088
0.623088
0.623088
0.623088
0.623088
0.623088
0.623088
0.623088
0.623088
0.623088
0.623088
0.623088
0.623088
0.623088
0.623088
0.623088
0.623088
0.623088
