0.00543097
0.00549518
0.00560445
0.00576239
0.00597449
0.0062487
0.0065964
0.00703411
0.00758646
0.00829231
0.0092177
0.0104883
0.0123861
0.0157349
0.0245915
0.498279
0.975082
0.983944
0.987294
0.989192
0.990463
0.991388
0.992094
0.992646
0.993083
0.99343
0.993704
0.993916
0.994074
0.994183
0.994247
0.994268
0.994247
0.994183
0.994074
0.993916
0.993704
0.99343
0.993083
0.992646
0.992094
0.991388
0.990463
0.989192
0.987294
0.983944
0.975082
0.498279
0.0245915
0.0157349
0.0123861
0.0104883
0.0092177
0.00829231
0.00758646
0.00703411
0.0065964
0.0062487
0.00597449
0.00576239
0.00560445
0.00549518
0.00543097
0.00540979
